,id,condition,pse,slope,gamma,lambda,alphaCIlower,alphaCIupper,deviance,acc,group,Initials,age,gender,handedness,TIQ,VIQ,PIQ,SRSA_overall,SRSA_socconsc,SRSA_soccomm,SRSA_socmot,SRSA_rigrep,lowreg,sensseek,senssensit,sensavoid,SP_overall
0,100,single,0.4000796851194266,0.4619213480891616,0.011835333661804906,0.028735850654022767,0.19704791674239008,0.66417507843673773,8.442914233503028,0.91166666666666663,TD,LF,32,Male,Right,104.0,119,89,41,43,40,40,41,27,50,25,29,131
1,100,compound,-0.3161428290544587,0.605424324501486,0.018557746623721311,0.068240244461993518,-0.57850171332396827,-0.081423083695748188,0.8305304915403564,0.91333333333333333,TD,LF,32,Male,Right,104.0,119,89,41,43,40,40,41,27,50,25,29,131
2,101,single,1.4340881645530543,0.38480992737378994,0.06003748884970718,0.086927633528076823,1.1130379743747052,1.7373150665705517,1.2673774122147399,0.79000000000000004,TD,VP,19,Male,Right,117.0,108,126,55,51,49,63,58,25,34,37,41,137
3,101,compound,-2.5043247102418587,0.18227181862906114,0.09439871066436635,0.04564165162112141,-3.0687675517415647,-2.074966247672112,6.136095338504541,0.68166666666666664,TD,VP,19,Male,Right,117.0,108,126,55,51,49,63,58,25,34,37,41,137
4,103,single,-4.6287923651603595,1.0984185101245814,0.021241871490378761,0.050132424871236071,-6.0458052175267154,-4.3867483345598988,7.95793282429902,0.5,TD,JM,38,Male,Right,112.5,111,114,42,45,43,42,39,24,56,24,29,133
5,103,compound,8.947531438935169,0.5928488527979827,0.049999762071198939,0.014516230003331751,4.0367519237021066,10.067744422380237,4.875813864171898,0.5033333333333333,TD,JM,38,Male,Right,112.5,111,114,42,45,43,42,39,24,56,24,29,133
6,104,single,0.7415615028583846,0.3236731763697039,0.075623096009766855,0.032518929338925813,0.38038795229278882,1.0404494632445382,5.085898660096562,0.83333333333333337,TD,SE,20,Male,Right,95.5,105,86,58,61,58,44,65,31,48,31,32,142
7,104,compound,-1.1885614748617215,0.29969666074181667,0.069731046622089315,0.083161662598677841,-1.5354298714619565,-0.71737723657604868,5.445182731626295,0.78666666666666663,TD,SE,20,Male,Right,95.5,105,86,58,61,58,44,65,31,48,31,32,142
8,105,single,2.3617015750632904,0.4383335210816724,0.021250449198085965,0.15663582716430399,2.044982059685085,2.6833409307483826,4.029376976688371,0.71833333333333338,TD,MM,37,Male,Right,90.5,92,89,60,57,57,61,65,31,31,44,49,155
9,105,compound,-3.9427572873306573,0.20469082422921836,0.15741311233195884,0.050264838236465936,-5.200815432968108,-3.4151673020656386,2.668393636497969,0.60166666666666668,TD,MM,37,Male,Right,90.5,92,89,60,57,57,61,65,31,31,44,49,155
10,106,single,2.0921883435469923,0.20648035924731542,0.097541357300551024,0.011210908222839799,0.67058631702385352,2.3294269488379857,9.308191279314059,0.73666666666666669,TD,FT,19,Female,Right,128.0,132,124,62,54,62,68,58,39,39,35,47,160
11,106,compound,-2.585608331583793,0.16717459387323966,0.010092597177575156,0.049642462475645167,-3.003071591564487,-2.1633781236970169,3.3081531854798176,0.70333333333333337,TD,FT,19,Female,Right,128.0,132,124,62,54,62,68,58,39,39,35,47,160
12,107,single,2.2721584359059954,0.26855641130172503,0.047419738210264982,0.079211997512769833,1.9176303506295604,2.6561561312528763,1.1051049857976203,0.72499999999999998,TD,TM,18,Male,Right,115.0,124,106,49,43,49,55,50,33,52,36,32,153
13,107,compound,-1.6568457834534334,0.39579784747325863,0.067089309380752277,0.10489320174804845,-1.945802660584266,-1.2511014549478265,4.398156380908828,0.76166666666666671,TD,TM,18,Male,Right,115.0,124,106,49,43,49,55,50,33,52,36,32,153
14,108,single,2.605858411911086,0.2955996928910464,0.075262055761888991,0.094520631317549633,2.0617410959330886,2.9123453464573448,5.3502818706430775,0.68999999999999995,TD,MJ,22,Male,Right,112.0,113,111,46,49,42,46,52,30,44,37,25,136
15,108,compound,-3.7500684499681256,0.24918609085843743,0.067175452028244945,0.048979246205119627,-4.3577985088708537,-3.3665252030618467,0.4909049469564153,0.61833333333333329,TD,MJ,22,Male,Right,112.0,113,111,46,49,42,46,52,30,44,37,25,136
16,109,single,0.2300681338141322,0.21526338457679542,0.031323803844341261,0.20343600562373176,-0.31525632049654373,1.3422353422561162,1.0746678472644557,0.76500000000000001,TD,SD,24,Male,Right,112.5,111,114,53,52,51,44,65,29,56,28,28,141
17,109,compound,5.725874493297396,0.04069751673200374,0.051837522289463499,0.039371994568028874,3.3977974607885129,11.45313024890633,9.413800976114619,0.56666666666666665,TD,SD,24,Male,Right,112.5,111,114,53,52,51,44,65,29,56,28,28,141
18,110,single,-5.121565344731063,0.06689809593876195,0.064257404984627634,0.048955405569646886,-8.5512174238070848,-3.7254589970706,2.4398790587800994,0.58499999999999996,TD,MD,20,Female,Right,105.0,103,97,51,58,48,54,43,34,37,42,40,153
19,110,compound,61.4235192096716,0.006406263834605674,0.030418865739791159,0.034951592091995116,-5.6016521416393132,396.7034655022585,4.092070507301774,0.49833333333333335,TD,MD,20,Female,Right,105.0,103,97,51,58,48,54,43,34,37,42,40,153
20,111,single,2.482202290627915,0.2964884003290569,0.049428482004189665,0.15895829872546835,2.1018169412210495,2.9153595724650545,0.8898541508811105,0.68833333333333335,TD,JW,21,Female,Right,104.5,103,106,44,49,41,39,50,31,51,35,37,154
21,111,compound,-7.793397270494851,0.056846316384037365,0.073655752581852474,0.049616747579443191,-17.99504293987264,-4.3467808284351888,4.3187117235497485,0.56000000000000005,TD,JW,21,Female,Right,104.5,103,106,44,49,41,39,50,31,51,35,37,154
22,112,single,1.003536835184145,0.2275209476137715,0.034701590877625886,0.041264098996090126,0.66864888003190015,1.4192077507533523,2.813302436587538,0.80000000000000004,TD,EVS,23,Female,Right,108.5,108,109,44,48,40,42,52,30,52,45,32,159
23,112,compound,-1.6984864714432122,0.21870979448866187,0.066807734980591282,0.060662938921104241,-2.1141486472787943,-1.1929755111424125,0.22707670601584762,0.755,TD,EVS,23,Female,Right,108.5,108,109,44,48,40,42,52,30,52,45,32,159
24,113,single,-17.996585356789474,0.04419334227719762,0.041375079994995644,0.049963842681033342,-78.673816333364073,-4.675524554153732,7.783297277622289,0.51333333333333331,TD,CDK,19,Female,Right,114.0,119,109,66,58,66,72,63,38,47,49,45,179
25,113,compound,13.397780291671323,0.05968891530581479,0.046345526657080104,0.055971464535854498,1.5745238273807196,46.83428363339516,1.3533178583867487,0.51500000000000001,TD,CDK,19,Female,Right,114.0,119,109,66,58,66,72,63,38,47,49,45,179
26,114,single,-44.46378693310327,0.05202345368294097,0.020969641025945587,0.050003442422022711,-59.104254123688477,-5.0431050477292203,4.954513906566892,0.49666666666666665,TD,IS,20,Female,Right,107.0,108,106,46,46,50,39,47,39,55,27,31,152
27,114,compound,19.128111693201063,0.04850740713799371,0.050014600895146963,0.018427522556896343,3.7772392241170714,78.143366294430137,1.3541179380816128,0.51000000000000001,TD,IS,20,Female,Right,107.0,108,106,46,46,50,39,47,39,55,27,31,152
28,115,single,1.2255236866538193,0.2664289610121501,0.050049772119711768,0.079996460609557257,0.86567819773259824,1.6265025993780109,1.9666012906541237,0.79500000000000004,TD,EV,23,Male,Right,114.0,111,117,47,46,46,46,54,26,52,38,29,145
29,115,compound,-2.3102138144573483,0.1966403006762504,0.12814987140917664,0.046010696485411083,-2.9066777365845016,-1.8662108384969522,2.2354253960866988,0.70333333333333337,TD,EV,23,Male,Right,114.0,111,117,47,46,46,46,54,26,52,38,29,145
30,116,single,2.251983116549905,0.3285358075632672,0.064349239567330782,0.047386798067075485,1.8560379892757159,2.546773557219467,1.4499377552138584,0.73333333333333328,TD,EVY,20,Female,Right,108.5,108,109,56,51,55,52,69,36,48,62,49,195
31,116,compound,-3.8000737392959083,0.22649702995471682,0.045452833765679664,0.053079979223705907,-4.419075413238799,-3.3874146746255089,0.8468428632082348,0.62,TD,EVY,20,Female,Right,108.5,108,109,56,51,55,52,69,36,48,62,49,195
32,117,single,2.1196492492167476,0.43643401439734836,0.036839864042433404,0.025257988055600176,1.896179727401182,2.3656878738399945,10.088409222435748,0.76333333333333331,TD,LV,21,Female,Right,110.5,95,126,65,66,69,59,54,49,33,59,55,196
33,117,compound,-3.163292314796031,0.26343877449680686,0.010895847712565852,0.06456960929398492,-3.4691552647490393,-2.7998095375141738,4.697736154563072,0.66666666666666663,TD,LV,21,Female,Right,110.5,95,126,65,66,69,59,54,49,33,59,55,196
34,118,single,2.3060037660722723,0.3229048097408691,0.092653042622609177,0.0032120700615410171,1.618360505501089,2.5495414980608615,3.472063878406201,0.73666666666666669,TD,CH,18,Male,Left,101.5,114,89,49,49,46,48,54,31,42,39,35,147
35,118,compound,-4.1253126805004,0.17117210929119844,0.0074120006747545493,0.053986789342401392,-4.9330766487592754,-3.6252450462960417,4.0202534706676945,0.625,TD,CH,18,Male,Left,101.5,114,89,49,49,46,48,54,31,42,39,35,147
36,119,single,-4310.886458001369,0.00012161226937688413,0.27392293752441971,0.049837249782723823,-8603.8891338242156,-1114.8503683163535,159.29547053894342,0.28333333333333333,TD,KL,22,Female,Right,104.0,108,100,58,55,58,63,52,45,58,54,46,203
37,119,compound,270.501478268572,0.0012105304673433574,0.052143962486241591,0.041535562392184588,-58.055648259492386,695.94612342834807,4.347963828385161,0.5033333333333333,TD,KL,22,Female,Right,104.0,108,100,58,55,58,63,52,45,58,54,46,203
38,200,single,2.69750922309641,0.32908162618870296,0.10081248777571865,0.031411456935919749,1.9272716251273536,2.8874476575050259,4.634459206805792,0.68833333333333335,ASD,RB,22,Male,Right,112.5,111,114,63,57,62,61,72,36,47,39,38,160
39,200,compound,-5.413305806139972,0.17267154910818727,0.020115493401869647,0.050895271800446104,-7.6975285320593114,-4.4238133126611805,0.8971504786339652,0.56000000000000005,ASD,RB,22,Male,Right,112.5,111,114,63,57,62,61,72,36,47,39,38,160
40,201,single,1.9548099972714017,0.26929555969789165,0.04870557657269671,0.10217861493813352,1.5904112459535258,2.3745592520387646,1.5625500076472054,0.7416666666666667,ASD,SG,22,Female,Right,101.5,103,100,52,52,51,50,56,31,61,42,43,177
41,201,compound,-4.079990677498825,0.08744056853224086,0.044284451669726888,0.052199554241059209,-5.6283362494636657,-3.1636812688159148,5.42740335879222,0.6333333333333333,ASD,SG,22,Female,Right,101.5,103,100,52,52,51,50,56,31,61,42,43,177
42,202,single,1.0720974536403864,0.32578475699513404,0.055135027678202754,0.11028188828997444,0.72954432900867427,1.4486164951783396,0.6701890968169137,0.80666666666666664,ASD,YCD,24,Female,Right,113.5,121,106,50,48,55,44,54,33,53,25,27,138
43,202,compound,-1.3177842565597668,0.17119323978478704,0.11966495666490906,0.044623808401044976,-2.1498029247450212,-0.84802369279952783,2.14348979026316,0.72999999999999998,ASD,YCD,24,Female,Right,113.5,121,106,50,48,55,44,54,33,53,25,27,138
44,203,single,5.35195853876899,0.10166538328006514,0.038278758524017249,0.15469534890251044,3.9904127166961709,22.634367494233324,1.2496059854060193,0.57666666666666666,ASD,MS,19,Male,Right,98.5,97,100,62,73,59,52,56,38,45,48,44,175
45,203,compound,-4.800880131191613,0.11841666385071148,0.089490587747047864,0.04854409696736342,-7.1376615518743742,-3.855374552156329,2.7059619962996058,0.58999999999999997,ASD,MS,19,Male,Right,98.5,97,100,62,73,59,52,56,38,45,48,44,175
46,204,single,3.3791313557172806,0.28479035826487936,0.065549892565579609,0.042539273499351611,3.0169211145626922,3.7048250066250623,3.0781552613128587,0.63666666666666671,ASD,LV,29,Male,Right,115.0,122,91,62,55,63,63,61,27,49,27,34,137
47,204,compound,-4.665795195582216,0.22213410204058814,0.039924273598346327,0.051468727402125568,-6.1018616882890013,-4.0396723528305465,3.2279246532816495,0.56833333333333336,ASD,LV,29,Male,Right,115.0,122,91,62,55,63,63,61,27,49,27,34,137
48,205,single,1.9555344333137037,0.5254514399742072,0.12939019885636246,0.037419984079142203,1.627665662477003,2.2020146777561322,1.7020013296398915,0.745,ASD,DV,23,Female,Right,109.5,108,111,80,82,77,66,85,47,42,58,54,201
49,205,compound,-3.898858028452371,0.19980815445188982,0.056908454878245911,0.053684864888842533,-4.726944783150457,-3.421469645964295,2.4677483677958696,0.61499999999999999,ASD,DV,23,Female,Right,109.5,108,111,80,82,77,66,85,47,42,58,54,201
50,206,single,1.040448105477861,0.5652861699675081,0.14132582525673135,0.072621754081620041,0.67269637549181183,1.3556305766236547,6.0197102725960425,0.80500000000000005,ASD,ST,23,Male,Right,114.0,111,117,60,63,55,54,69,40,62,47,40,189
51,206,compound,-1.562389033109691,0.3080277627633705,0.072079886074372893,0.12520533068023898,-1.8883388904887428,-0.58662022914680756,2.1961601630641017,0.76166666666666671,ASD,ST,23,Male,Right,114.0,111,117,60,63,55,54,69,40,62,47,40,189
52,207,single,1.418469721976702,0.43657158284298736,0.048107875496396217,0.065981304179197744,1.1624988322278849,1.6808159388438701,3.8971494274106195,0.81000000000000005,ASD,MH,23,Male,Right,100.0,103,97,58,63,52,50,65,37,36,30,37,140
53,207,compound,-2.0956697243052544,0.2390032027929057,0.0450173496243352,0.06128772020209676,-2.4409107048568037,-1.5678133794863087,0.4455229680419144,0.7416666666666667,ASD,MH,23,Male,Right,100.0,103,97,58,63,52,50,65,37,36,30,37,140
54,208,single,2.313077370783783,0.20621171673024744,0.07283671624009333,0.045683218283258831,1.6458848324634905,2.6412865925267268,4.547471032674716,0.72833333333333339,ASD,MC,25,Male,Right,104.5,109,100,68,61,63,74,69,40,43,48,48,179
55,208,compound,-4.206687885701986,0.0968687972144328,0.039583578333880515,0.052122168300894653,-5.7686934563615457,-3.3699576169550762,2.0209158189963876,0.63,ASD,MC,25,Male,Right,104.5,109,100,68,61,63,74,69,40,43,48,48,179
56,209,single,3.6409018588471604,0.2580791203059012,0.053500313068679771,0.023262480938341341,3.2947268200484841,4.0910512464764128,9.621900265247117,0.625,ASD,PEC,31,Male,Right,114.0,119,109,74,67,63,72,91,51,56,66,54,227
57,209,compound,-5.9135614431981836,0.1631666966435934,0.02417113709180773,0.050870123436357016,-9.4304994729880125,-4.5023818872996522,3.627414718513054,0.54833333333333334,ASD,PEC,31,Male,Right,114.0,119,109,74,67,63,72,91,51,56,66,54,227
58,210,single,0.6968004607621994,0.3743132500581477,0.017735802053515885,0.025074838161274846,0.46924375586106248,0.93982031101436203,2.7154596420199675,0.89000000000000001,ASD,CM,23,Female,Right,117.0,111,123,88,88,82,79,85,44,29,60,60,193
59,210,compound,-0.8820103073331901,0.28029447605492536,0.01225406194389961,0.12690919944186407,-1.2305318704593917,-0.2615701618968671,1.523196108206343,0.81000000000000005,ASD,CM,23,Female,Right,117.0,111,123,88,88,82,79,85,44,29,60,60,193
